10
 -1 92 69 55 78 96 69 67 93 81
 92 -1 83 53 52 64 78 71 71 71
 69 83 -1 90 63 63 76 74 55 98
 55 53 90 -1 75 99 77 79 87 94
 78 52 63 75 -1 62 73 75 90 96
 96 64 63 99 62 -1 74 94 91 96
 69 78 76 77 73 74 -1 68 93 60
 67 71 74 79 75 94 68 -1 93 61
 93 71 55 87 90 91 93 93 -1 97
 81 71 98 94 96 96 60 61 97 -1
