10
 -1 66 50 78 80 84 96 65 60 74
 66 -1 61 52 77 95 79 65 90 86
 50 61 -1 78 59 92 87 86 82 73
 78 52 78 -1 76 71 78 96 76 83
 80 77 59 76 -1 97 64 61 91 62
 84 95 92 71 97 -1 81 84 94 59
 96 79 87 78 64 81 -1 77 54 80
 65 65 86 96 61 84 77 -1 93 56
 60 90 82 76 91 94 54 93 -1 82
 74 86 73 83 62 59 80 56 82 -1
