10
 -1 71 65 99 50 97 89 88 69 60
 71 -1 81 67 56 59 58 81 88 90
 65 81 -1 98 93 63 64 86 79 79
 99 67 98 -1 78 88 75 56 90 53
 50 56 93 78 -1 70 85 52 55 71
 97 59 63 88 70 -1 53 59 62 78
 89 58 64 75 85 53 -1 73 90 65
 88 81 86 56 52 59 73 -1 73 86
 69 88 79 90 55 62 90 73 -1 69
 60 90 79 53 71 78 65 86 69 -1
