10
 -1 77 54 67 50 96 64 50 93 54
 77 -1 61 84 50 53 58 78 56 90
 54 61 -1 75 90 73 89 83 66 97
 67 84 75 -1 87 75 55 73 73 96
 50 50 90 87 -1 63 54 63 61 79
 96 53 73 75 63 -1 95 98 77 96
 64 58 89 55 54 95 -1 84 90 50
 50 78 83 73 63 98 84 -1 97 53
 93 56 66 73 61 77 90 97 -1 71
 54 90 97 96 79 96 50 53 71 -1
