10
 -1 99 60 60 71 65 71 95 71 51
 99 -1 62 61 56 72 87 61 85 54
 60 62 -1 78 61 98 79 73 58 69
 60 61 78 -1 59 73 81 80 70 62
 71 56 61 59 -1 80 87 69 97 63
 65 72 98 73 80 -1 56 52 70 84
 71 87 79 81 87 56 -1 77 82 84
 95 61 73 80 69 52 77 -1 60 63
 71 85 58 70 97 70 82 60 -1 57
 51 54 69 62 63 84 84 63 57 -1
