10
 -1 65 79 62 51 96 59 99 84 75
 65 -1 75 86 91 76 76 81 56 66
 79 75 -1 55 92 93 60 73 90 65
 62 86 55 -1 82 50 90 83 99 67
 51 91 92 82 -1 61 86 93 85 51
 96 76 93 50 61 -1 64 71 67 63
 59 76 60 90 86 64 -1 68 63 95
 99 81 73 83 93 71 68 -1 73 96
 84 56 90 99 85 67 63 73 -1 63
 75 66 65 67 51 63 95 96 63 -1
