10
 -1 66 86 96 54 97 69 77 56 74
 66 -1 96 69 65 68 83 57 79 77
 86 96 -1 86 97 82 62 99 92 51
 96 69 86 -1 78 75 66 96 72 73
 54 65 97 78 -1 90 56 71 65 57
 97 68 82 75 90 -1 95 64 88 99
 69 83 62 66 56 95 -1 82 70 92
 77 57 99 96 71 64 82 -1 84 89
 56 79 92 72 65 88 70 84 -1 76
 74 77 51 73 57 99 92 89 76 -1
