10
 -1 91 85 75 88 62 75 93 58 71
 91 -1 86 51 71 91 83 81 73 65
 85 86 -1 71 85 54 59 87 64 83
 75 51 71 -1 61 82 50 57 99 58
 88 71 85 61 -1 99 64 58 58 78
 62 91 54 82 99 -1 59 89 50 97
 75 83 59 50 64 59 -1 55 77 50
 93 81 87 57 58 89 55 -1 62 83
 58 73 64 99 58 50 77 62 -1 79
 71 65 83 58 78 97 50 83 79 -1
