10
 -1 63 67 55 52 50 94 55 83 95
 63 -1 81 74 76 78 53 85 64 58
 67 81 -1 85 65 86 97 79 76 83
 55 74 85 -1 88 84 57 54 97 60
 52 76 65 88 -1 74 80 81 81 96
 50 78 86 84 74 -1 89 61 57 85
 94 53 97 57 80 89 -1 52 54 91
 55 85 79 54 81 61 52 -1 57 84
 83 64 76 97 81 57 54 57 -1 72
 95 58 83 60 96 85 91 84 72 -1
