10
 -1 82 58 94 91 51 85 87 60 94
 82 -1 59 76 53 96 76 93 76 80
 58 59 -1 65 74 56 78 78 67 66
 94 76 65 -1 90 84 50 90 92 69
 91 53 74 90 -1 54 66 66 84 73
 51 96 56 84 54 -1 99 85 77 67
 85 76 78 50 66 99 -1 91 89 67
 87 93 78 90 66 85 91 -1 60 79
 60 76 67 92 84 77 89 60 -1 53
 94 80 66 69 73 67 67 79 53 -1
