10
 -1 65 71 86 87 59 95 56 79 66
 65 -1 89 91 87 83 76 69 61 69
 71 89 -1 84 95 96 91 65 91 65
 86 91 84 -1 54 87 89 89 96 61
 87 87 95 54 -1 52 66 70 85 73
 59 83 96 87 52 -1 94 79 80 74
 95 76 91 89 66 94 -1 57 82 95
 56 69 65 89 70 79 57 -1 76 69
 79 61 91 96 85 80 82 76 -1 64
 66 69 65 61 73 74 95 69 64 -1
