10
 -1 71 94 61 67 82 89 96 66 52
 71 -1 51 69 68 55 58 59 97 70
 94 51 -1 62 99 67 69 65 87 83
 61 69 62 -1 92 63 67 70 89 51
 67 68 99 92 -1 56 94 86 93 62
 82 55 67 63 56 -1 99 92 88 68
 89 58 69 67 94 99 -1 78 51 56
 96 59 65 70 86 92 78 -1 65 82
 66 97 87 89 93 88 51 65 -1 81
 52 70 83 51 62 68 56 82 81 -1
