10
 -1 67 80 97 54 83 84 76 79 62
 67 -1 61 50 84 70 86 54 74 50
 80 61 -1 92 82 76 54 93 56 91
 97 50 92 -1 56 55 62 65 97 96
 54 84 82 56 -1 59 59 89 55 58
 83 70 76 55 59 -1 85 70 70 77
 84 86 54 62 59 85 -1 94 96 68
 76 54 93 65 89 70 94 -1 57 86
 79 74 56 97 55 70 96 57 -1 84
 62 50 91 96 58 77 68 86 84 -1
