10
 -1 79 64 56 66 75 72 56 53 90
 79 -1 77 94 52 79 88 61 99 57
 64 77 -1 61 63 98 52 90 50 61
 56 94 61 -1 96 72 61 64 82 54
 66 52 63 96 -1 90 94 56 65 53
 75 79 98 72 90 -1 55 80 77 86
 72 88 52 61 94 55 -1 75 89 85
 56 61 90 64 56 80 75 -1 59 53
 53 99 50 82 65 77 89 59 -1 60
 90 57 61 54 53 86 85 53 60 -1
