10
 -1 89 77 71 95 91 97 89 77 71
 89 -1 55 84 88 95 87 85 81 84
 77 55 -1 82 91 88 50 55 79 84
 71 84 82 -1 93 89 88 69 68 64
 95 88 91 93 -1 60 59 81 58 80
 91 95 88 89 60 -1 89 70 86 75
 97 87 50 88 59 89 -1 61 89 59
 89 85 55 69 81 70 61 -1 94 68
 77 81 79 68 58 86 89 94 -1 67
 71 84 84 64 80 75 59 68 67 -1
