10
 -1 78 76 80 85 61 59 85 98 89
 78 -1 98 87 95 61 89 57 56 94
 76 98 -1 94 55 58 99 97 94 69
 80 87 94 -1 78 88 74 96 76 95
 85 95 55 78 -1 67 66 63 84 74
 61 61 58 88 67 -1 90 53 95 83
 59 89 99 74 66 90 -1 84 59 58
 85 57 97 96 63 53 84 -1 74 84
 98 56 94 76 84 95 59 74 -1 71
 89 94 69 95 74 83 58 84 71 -1
