10
 -1 57 56 67 84 81 86 97 51 64
 57 -1 92 98 98 54 92 84 72 64
 56 92 -1 78 59 80 90 72 94 74
 67 98 78 -1 59 99 73 64 60 75
 84 98 59 59 -1 89 59 54 78 75
 81 54 80 99 89 -1 56 73 86 55
 86 92 90 73 59 56 -1 79 80 80
 97 84 72 64 54 73 79 -1 76 55
 51 72 94 60 78 86 80 76 -1 57
 64 64 74 75 75 55 80 55 57 -1
