10
 -1 97 64 90 85 53 93 56 61 65
 97 -1 92 55 61 50 53 50 72 85
 64 92 -1 59 78 81 77 78 63 58
 90 55 59 -1 50 60 80 73 60 95
 85 61 78 50 -1 81 84 64 87 87
 53 50 81 60 81 -1 59 51 56 61
 93 53 77 80 84 59 -1 97 50 95
 56 50 78 73 64 51 97 -1 94 69
 61 72 63 60 87 56 50 94 -1 73
 65 85 58 95 87 61 95 69 73 -1
