10
 -1 72 67 72 64 64 75 81 91 82
 72 -1 54 55 94 82 56 66 55 52
 67 54 -1 66 51 92 79 55 60 77
 72 55 66 -1 69 77 85 65 65 83
 64 94 51 69 -1 61 95 80 73 73
 64 82 92 77 61 -1 68 85 64 93
 75 56 79 85 95 68 -1 91 88 67
 81 66 55 65 80 85 91 -1 80 67
 91 55 60 65 73 64 88 80 -1 70
 82 52 77 83 73 93 67 67 70 -1
