10
 -1 78 94 59 78 78 77 83 83 77
 78 -1 78 79 60 73 81 78 67 53
 94 78 -1 73 91 70 80 74 75 56
 59 79 73 -1 85 69 52 60 63 70
 78 60 91 85 -1 65 95 63 64 88
 78 73 70 69 65 -1 70 50 53 84
 77 81 80 52 95 70 -1 53 73 94
 83 78 74 60 63 50 53 -1 93 60
 83 67 75 63 64 53 73 93 -1 55
 77 53 56 70 88 84 94 60 55 -1
