10
 -1 61 87 93 64 87 60 67 66 90
 61 -1 86 92 75 79 67 99 51 84
 87 86 -1 83 63 90 75 51 66 58
 93 92 83 -1 88 92 74 75 77 55
 64 75 63 88 -1 62 72 70 89 75
 87 79 90 92 62 -1 98 91 54 97
 60 67 75 74 72 98 -1 61 70 84
 67 99 51 75 70 91 61 -1 81 67
 66 51 66 77 89 54 70 81 -1 91
 90 84 58 55 75 97 84 67 91 -1
