10
 -1 96 77 74 72 98 69 93 65 87
 96 -1 60 51 71 56 78 75 50 62
 77 60 -1 82 84 67 99 56 93 54
 74 51 82 -1 76 60 60 53 63 73
 72 71 84 76 -1 72 85 80 80 88
 98 56 67 60 72 -1 71 83 55 53
 69 78 99 60 85 71 -1 52 87 79
 93 75 56 53 80 83 52 -1 81 57
 65 50 93 63 80 55 87 81 -1 63
 87 62 54 73 88 53 79 57 63 -1
