10
 -1 51 78 52 74 88 67 81 85 75
 51 -1 91 88 83 84 85 80 63 67
 78 91 -1 76 53 67 64 66 53 66
 52 88 76 -1 82 90 99 85 88 79
 74 83 53 82 -1 51 90 55 92 51
 88 84 67 90 51 -1 54 54 97 54
 67 85 64 99 90 54 -1 90 93 65
 81 80 66 85 55 54 90 -1 82 68
 85 63 53 88 92 97 93 82 -1 97
 75 67 66 79 51 54 65 68 97 -1
