10
 -1 66 87 82 86 57 74 98 74 79
 66 -1 82 87 70 62 51 76 73 63
 87 82 -1 75 57 58 88 50 70 71
 82 87 75 -1 54 98 66 66 90 88
 86 70 57 54 -1 99 50 57 62 67
 57 62 58 98 99 -1 81 53 54 79
 74 51 88 66 50 81 -1 71 74 51
 98 76 50 66 57 53 71 -1 99 78
 74 73 70 90 62 54 74 99 -1 79
 79 63 71 88 67 79 51 78 79 -1
