10
 -1 50 52 90 73 85 53 67 57 64
 50 -1 80 68 68 68 78 64 71 76
 52 80 -1 83 61 78 84 73 99 61
 90 68 83 -1 75 58 66 89 60 77
 73 68 61 75 -1 92 82 54 73 51
 85 68 78 58 92 -1 60 91 81 98
 53 78 84 66 82 60 -1 70 50 97
 67 64 73 89 54 91 70 -1 93 82
 57 71 99 60 73 81 50 93 -1 56
 64 76 61 77 51 98 97 82 56 -1
