9
 -1 73 74 70 71 79 60 72 79
 73 -1 93 66 67 50 61 60 83
 74 93 -1 93 63 56 52 95 66
 70 66 93 -1 79 71 98 66 55
 71 67 63 79 -1 51 76 94 59
 79 50 56 71 51 -1 75 61 59
 60 61 52 98 76 75 -1 77 77
 72 60 95 66 94 61 77 -1 75
 79 83 66 55 59 59 77 75 -1
