9
 -1 65 85 76 55 54 96 63 82
 65 -1 54 90 85 68 52 78 83
 85 54 -1 69 94 99 70 65 91
 76 90 69 -1 74 71 53 50 99
 55 85 94 74 -1 84 98 86 70
 54 68 99 71 84 -1 79 93 97
 96 52 70 53 98 79 -1 52 75
 63 78 65 50 86 93 52 -1 60
 82 83 91 99 70 97 75 60 -1
