9
 -1 66 83 60 81 55 66 74 67
 66 -1 98 57 57 79 74 77 55
 83 98 -1 54 75 87 58 78 90
 60 57 54 -1 65 61 81 57 85
 81 57 75 65 -1 78 75 70 88
 55 79 87 61 78 -1 94 77 90
 66 74 58 81 75 94 -1 80 98
 74 77 78 57 70 77 80 -1 97
 67 55 90 85 88 90 98 97 -1
