9
 -1 56 52 79 78 68 86 60 52
 56 -1 87 86 79 78 80 72 90
 52 87 -1 88 72 58 94 64 57
 79 86 88 -1 55 85 80 90 60
 78 79 72 55 -1 96 82 60 95
 68 78 58 85 96 -1 83 90 94
 86 80 94 80 82 83 -1 51 89
 60 72 64 90 60 90 51 -1 83
 52 90 57 60 95 94 89 83 -1
