9
 -1 84 69 56 87 71 65 71 61
 84 -1 64 74 85 50 64 58 72
 69 64 -1 82 70 80 57 71 94
 56 74 82 -1 85 51 79 63 98
 87 85 70 85 -1 85 56 65 92
 71 50 80 51 85 -1 67 81 58
 65 64 57 79 56 67 -1 58 56
 71 58 71 63 65 81 58 -1 68
 61 72 94 98 92 58 56 68 -1
