9
 -1 93 95 63 63 78 77 82 58
 93 -1 53 81 63 94 80 54 97
 95 53 -1 76 80 58 60 91 67
 63 81 76 -1 50 57 99 55 51
 63 63 80 50 -1 52 93 98 93
 78 94 58 57 52 -1 77 91 71
 77 80 60 99 93 77 -1 99 64
 82 54 91 55 98 91 99 -1 76
 58 97 67 51 93 71 64 76 -1
