9
 -1 97 80 79 73 66 68 52 98
 97 -1 89 80 88 56 51 57 82
 80 89 -1 67 76 90 55 64 70
 79 80 67 -1 78 67 61 99 97
 73 88 76 78 -1 51 58 75 62
 66 56 90 67 51 -1 55 67 61
 68 51 55 61 58 55 -1 94 77
 52 57 64 99 75 67 94 -1 94
 98 82 70 97 62 61 77 94 -1
