9
 -1 93 89 65 88 64 76 55 83
 93 -1 97 57 83 98 75 84 63
 89 97 -1 90 92 60 57 70 67
 65 57 90 -1 70 61 91 96 76
 88 83 92 70 -1 55 74 91 55
 64 98 60 61 55 -1 82 86 66
 76 75 57 91 74 82 -1 91 93
 55 84 70 96 91 86 91 -1 62
 83 63 67 76 55 66 93 62 -1
