9
 -1 56 82 50 98 91 95 54 66
 56 -1 97 52 64 50 91 80 57
 82 97 -1 61 72 61 58 85 87
 50 52 61 -1 54 84 65 67 75
 98 64 72 54 -1 74 89 50 91
 91 50 61 84 74 -1 52 64 84
 95 91 58 65 89 52 -1 72 75
 54 80 85 67 50 64 72 -1 94
 66 57 87 75 91 84 75 94 -1
