9
 -1 50 90 98 56 91 85 88 61
 50 -1 67 62 89 79 53 55 76
 90 67 -1 65 61 92 83 59 82
 98 62 65 -1 93 92 60 95 64
 56 89 61 93 -1 67 98 85 68
 91 79 92 92 67 -1 65 57 52
 85 53 83 60 98 65 -1 98 62
 88 55 59 95 85 57 98 -1 81
 61 76 82 64 68 52 62 81 -1
