9
 -1 98 74 70 70 89 59 60 76
 98 -1 60 80 93 80 60 52 71
 74 60 -1 53 89 55 52 70 55
 70 80 53 -1 94 54 94 68 74
 70 93 89 94 -1 71 78 89 97
 89 80 55 54 71 -1 54 95 66
 59 60 52 94 78 54 -1 59 96
 60 52 70 68 89 95 59 -1 77
 76 71 55 74 97 66 96 77 -1
