9
 -1 71 67 61 93 79 71 91 91
 71 -1 70 63 70 78 86 68 51
 67 70 -1 61 68 67 61 78 88
 61 63 61 -1 65 76 93 62 63
 93 70 68 65 -1 58 56 73 70
 79 78 67 76 58 -1 52 54 60
 71 86 61 93 56 52 -1 61 76
 91 68 78 62 73 54 61 -1 85
 91 51 88 63 70 60 76 85 -1
