9
 -1 74 69 92 70 76 94 79 88
 74 -1 56 84 53 52 61 86 88
 69 56 -1 87 65 92 78 95 86
 92 84 87 -1 81 70 75 80 62
 70 53 65 81 -1 60 75 76 58
 76 52 92 70 60 -1 54 60 94
 94 61 78 75 75 54 -1 50 56
 79 86 95 80 76 60 50 -1 94
 88 88 86 62 58 94 56 94 -1
