9
 -1 83 79 99 53 98 98 58 72
 83 -1 98 60 52 61 55 88 64
 79 98 -1 76 98 94 74 93 51
 99 60 76 -1 63 73 95 96 57
 53 52 98 63 -1 86 87 76 93
 98 61 94 73 86 -1 52 57 51
 98 55 74 95 87 52 -1 56 56
 58 88 93 96 76 57 56 -1 53
 72 64 51 57 93 51 56 53 -1
