9
 -1 77 61 76 89 71 57 59 83
 77 -1 57 77 71 88 74 79 83
 61 57 -1 57 83 52 65 67 73
 76 77 57 -1 76 66 50 73 63
 89 71 83 76 -1 75 73 82 95
 71 88 52 66 75 -1 93 75 80
 57 74 65 50 73 93 -1 68 91
 59 79 67 73 82 75 68 -1 72
 83 83 73 63 95 80 91 72 -1
