9
 -1 90 80 73 63 70 53 96 79
 90 -1 95 58 61 59 81 73 85
 80 95 -1 66 82 58 61 79 50
 73 58 66 -1 90 72 71 81 71
 63 61 82 90 -1 82 55 97 66
 70 59 58 72 82 -1 94 92 95
 53 81 61 71 55 94 -1 76 94
 96 73 79 81 97 92 76 -1 74
 79 85 50 71 66 95 94 74 -1
