9
 -1 61 59 96 55 65 96 70 90
 61 -1 87 52 60 63 84 94 92
 59 87 -1 57 81 50 93 74 98
 96 52 57 -1 89 86 76 56 54
 55 60 81 89 -1 68 66 95 51
 65 63 50 86 68 -1 92 95 88
 96 84 93 76 66 92 -1 72 50
 70 94 74 56 95 95 72 -1 55
 90 92 98 54 51 88 50 55 -1
