9
 -1 97 57 79 92 95 50 71 64
 97 -1 65 96 98 56 95 75 64
 57 65 -1 83 69 57 68 56 72
 79 96 83 -1 62 73 76 63 63
 92 98 69 62 -1 74 53 76 71
 95 56 57 73 74 -1 63 62 90
 50 95 68 76 53 63 -1 67 92
 71 75 56 63 76 62 67 -1 69
 64 64 72 63 71 90 92 69 -1
