9
 -1 73 86 94 50 60 58 78 54
 73 -1 67 50 58 85 59 92 66
 86 67 -1 64 89 95 66 58 84
 94 50 64 -1 74 86 66 92 77
 50 58 89 74 -1 88 73 64 52
 60 85 95 86 88 -1 94 73 52
 58 59 66 66 73 94 -1 65 72
 78 92 58 92 64 73 65 -1 53
 54 66 84 77 52 52 72 53 -1
