9
 -1 66 74 56 93 54 93 77 50
 66 -1 63 99 94 72 51 61 62
 74 63 -1 75 61 99 87 58 52
 56 99 75 -1 81 73 53 93 68
 93 94 61 81 -1 95 96 96 86
 54 72 99 73 95 -1 54 88 67
 93 51 87 53 96 54 -1 97 76
 77 61 58 93 96 88 97 -1 87
 50 62 52 68 86 67 76 87 -1
