9
 -1 67 68 78 59 95 79 98 76
 67 -1 70 63 57 61 94 92 93
 68 70 -1 64 56 62 67 67 76
 78 63 64 -1 78 55 88 76 95
 59 57 56 78 -1 62 91 74 64
 95 61 62 55 62 -1 54 81 98
 79 94 67 88 91 54 -1 95 73
 98 92 67 76 74 81 95 -1 77
 76 93 76 95 64 98 73 77 -1
