9
 -1 64 84 71 82 56 67 68 95
 64 -1 87 63 75 83 95 66 93
 84 87 -1 82 87 63 67 72 55
 71 63 82 -1 96 95 85 62 59
 82 75 87 96 -1 75 71 94 79
 56 83 63 95 75 -1 93 67 92
 67 95 67 85 71 93 -1 76 80
 68 66 72 62 94 67 76 -1 92
 95 93 55 59 79 92 80 92 -1
