9
 -1 76 65 64 99 96 89 78 94
 76 -1 69 63 77 68 52 92 93
 65 69 -1 76 73 93 60 51 97
 64 63 76 -1 76 83 61 73 70
 99 77 73 76 -1 91 66 99 60
 96 68 93 83 91 -1 54 61 67
 89 52 60 61 66 54 -1 53 86
 78 92 51 73 99 61 53 -1 74
 94 93 97 70 60 67 86 74 -1
