9
 -1 95 88 68 88 99 96 60 85
 95 -1 53 64 60 87 90 69 99
 88 53 -1 99 85 89 97 90 90
 68 64 99 -1 79 60 97 54 80
 88 60 85 79 -1 53 66 66 87
 99 87 89 60 53 -1 96 63 93
 96 90 97 97 66 96 -1 64 98
 60 69 90 54 66 63 64 -1 54
 85 99 90 80 87 93 98 54 -1
