9
 -1 95 88 80 67 55 67 73 72
 95 -1 64 68 57 65 65 86 89
 88 64 -1 63 75 69 52 58 68
 80 68 63 -1 72 55 60 74 69
 67 57 75 72 -1 83 69 78 78
 55 65 69 55 83 -1 71 89 82
 67 65 52 60 69 71 -1 64 99
 73 86 58 74 78 89 64 -1 98
 72 89 68 69 78 82 99 98 -1
