9
 -1 95 68 72 87 80 98 50 56
 95 -1 57 90 61 83 65 54 63
 68 57 -1 63 68 75 93 95 69
 72 90 63 -1 71 90 59 89 53
 87 61 68 71 -1 55 90 74 83
 80 83 75 90 55 -1 71 64 77
 98 65 93 59 90 71 -1 69 75
 50 54 95 89 74 64 69 -1 75
 56 63 69 53 83 77 75 75 -1
