9
 -1 92 64 60 95 63 69 79 84
 92 -1 88 87 65 77 72 85 85
 64 88 -1 69 61 95 73 55 55
 60 87 69 -1 52 72 64 94 78
 95 65 61 52 -1 67 64 57 51
 63 77 95 72 67 -1 97 60 94
 69 72 73 64 64 97 -1 80 90
 79 85 55 94 57 60 80 -1 89
 84 85 55 78 51 94 90 89 -1
