11
 -1 62 69 57 63 84 52 95 90 63 71
 62 -1 99 94 58 64 90 83 66 75 86
 69 99 -1 99 70 81 62 67 63 90 89
 57 94 99 -1 74 70 86 82 52 83 85
 63 58 70 74 -1 71 65 52 85 51 74
 84 64 81 70 71 -1 50 67 62 74 56
 52 90 62 86 65 50 -1 95 62 50 85
 95 83 67 82 52 67 95 -1 80 82 69
 90 66 63 52 85 62 62 80 -1 97 89
 63 75 90 83 51 74 50 82 97 -1 52
 71 86 89 85 74 56 85 69 89 52 -1
