11
 -1 53 91 99 62 50 75 98 94 87 71
 53 -1 72 83 88 58 78 98 59 61 53
 91 72 -1 90 76 89 73 61 74 74 79
 99 83 90 -1 76 75 75 83 98 65 96
 62 88 76 76 -1 98 60 73 51 87 78
 50 58 89 75 98 -1 72 68 96 74 91
 75 78 73 75 60 72 -1 70 97 73 70
 98 98 61 83 73 68 70 -1 86 78 78
 94 59 74 98 51 96 97 86 -1 51 90
 87 61 74 65 87 74 73 78 51 -1 82
 71 53 79 96 78 91 70 78 90 82 -1
