11
 -1 59 91 85 97 50 80 52 79 65 52
 59 -1 51 91 54 58 62 77 66 72 52
 91 51 -1 72 59 86 82 63 89 56 74
 85 91 72 -1 59 53 75 80 90 76 86
 97 54 59 59 -1 65 64 76 59 83 80
 50 58 86 53 65 -1 68 93 93 57 90
 80 62 82 75 64 68 -1 66 75 85 54
 52 77 63 80 76 93 66 -1 50 72 82
 79 66 89 90 59 93 75 50 -1 62 70
 65 72 56 76 83 57 85 72 62 -1 70
 52 52 74 86 80 90 54 82 70 70 -1
