11
 -1 61 65 81 56 56 58 57 99 75 74
 61 -1 52 59 59 53 56 90 70 52 61
 65 52 -1 61 64 93 54 85 60 56 93
 81 59 61 -1 54 69 83 55 61 92 78
 56 59 64 54 -1 77 85 69 85 57 96
 56 53 93 69 77 -1 55 78 62 65 80
 58 56 54 83 85 55 -1 76 94 95 86
 57 90 85 55 69 78 76 -1 97 52 53
 99 70 60 61 85 62 94 97 -1 84 70
 75 52 56 92 57 65 95 52 84 -1 73
 74 61 93 78 96 80 86 53 70 73 -1
