11
 -1 88 68 61 59 84 89 69 73 55 57
 88 -1 55 74 60 60 77 97 50 86 66
 68 55 -1 94 64 54 78 52 55 54 65
 61 74 94 -1 81 95 51 74 64 71 87
 59 60 64 81 -1 73 82 70 68 68 69
 84 60 54 95 73 -1 74 81 61 91 50
 89 77 78 51 82 74 -1 95 75 81 61
 69 97 52 74 70 81 95 -1 94 74 88
 73 50 55 64 68 61 75 94 -1 86 97
 55 86 54 71 68 91 81 74 86 -1 65
 57 66 65 87 69 50 61 88 97 65 -1
