11
 -1 64 96 81 72 95 61 52 94 61 50
 64 -1 63 77 68 93 53 80 61 66 81
 96 63 -1 81 91 84 59 97 64 55 78
 81 77 81 -1 67 70 98 88 58 54 59
 72 68 91 67 -1 50 77 62 57 83 79
 95 93 84 70 50 -1 71 89 80 52 55
 61 53 59 98 77 71 -1 94 91 98 82
 52 80 97 88 62 89 94 -1 87 68 83
 94 61 64 58 57 80 91 87 -1 72 87
 61 66 55 54 83 52 98 68 72 -1 81
 50 81 78 59 79 55 82 83 87 81 -1
