11
 -1 71 99 67 82 99 80 80 66 62 76
 71 -1 70 95 56 80 51 52 87 90 64
 99 70 -1 84 93 75 90 92 56 92 60
 67 95 84 -1 64 65 80 91 89 56 66
 82 56 93 64 -1 87 71 83 89 54 94
 99 80 75 65 87 -1 62 50 78 92 83
 80 51 90 80 71 62 -1 73 56 86 80
 80 52 92 91 83 50 73 -1 84 82 74
 66 87 56 89 89 78 56 84 -1 59 85
 62 90 92 56 54 92 86 82 59 -1 73
 76 64 60 66 94 83 80 74 85 73 -1
