11
 -1 97 78 57 94 57 56 77 69 99 93
 97 -1 95 79 97 87 98 94 53 69 60
 78 95 -1 65 57 78 93 75 84 63 86
 57 79 65 -1 54 63 74 56 66 56 88
 94 97 57 54 -1 97 73 52 84 73 87
 57 87 78 63 97 -1 68 50 82 70 59
 56 98 93 74 73 68 -1 71 75 95 56
 77 94 75 56 52 50 71 -1 65 54 66
 69 53 84 66 84 82 75 65 -1 86 55
 99 69 63 56 73 70 95 54 86 -1 84
 93 60 86 88 87 59 56 66 55 84 -1
