11
 -1 75 67 72 87 82 89 58 76 66 73
 75 -1 85 69 72 96 69 62 86 64 70
 67 85 -1 60 59 62 82 56 68 97 97
 72 69 60 -1 99 96 94 90 51 75 57
 87 72 59 99 -1 99 59 51 53 66 64
 82 96 62 96 99 -1 91 77 53 80 57
 89 69 82 94 59 91 -1 88 75 74 98
 58 62 56 90 51 77 88 -1 73 78 72
 76 86 68 51 53 53 75 73 -1 78 71
 66 64 97 75 66 80 74 78 78 -1 56
 73 70 97 57 64 57 98 72 71 56 -1
