11
 -1 53 72 78 93 83 89 80 96 79 93
 53 -1 97 67 99 87 72 77 80 74 76
 72 97 -1 83 72 72 73 99 99 71 56
 78 67 83 -1 88 78 52 71 99 54 69
 93 99 72 88 -1 50 66 68 53 64 80
 83 87 72 78 50 -1 61 73 96 56 73
 89 72 73 52 66 61 -1 51 79 91 80
 80 77 99 71 68 73 51 -1 72 87 63
 96 80 99 99 53 96 79 72 -1 84 52
 79 74 71 54 64 56 91 87 84 -1 80
 93 76 56 69 80 73 80 63 52 80 -1
