11
 -1 87 54 50 61 59 66 87 92 82 76
 87 -1 77 73 99 95 98 81 84 95 61
 54 77 -1 88 82 51 62 67 65 63 86
 50 73 88 -1 96 63 75 75 82 66 90
 61 99 82 96 -1 62 88 65 89 91 88
 59 95 51 63 62 -1 86 51 92 73 74
 66 98 62 75 88 86 -1 75 82 63 78
 87 81 67 75 65 51 75 -1 62 94 78
 92 84 65 82 89 92 82 62 -1 86 55
 82 95 63 66 91 73 63 94 86 -1 95
 76 61 86 90 88 74 78 78 55 95 -1
