11
 -1 88 60 62 54 72 93 89 54 80 53
 88 -1 88 53 79 95 64 94 54 58 65
 60 88 -1 73 87 79 60 79 67 51 99
 62 53 73 -1 80 60 68 56 92 67 64
 54 79 87 80 -1 89 77 72 67 90 83
 72 95 79 60 89 -1 74 88 55 75 79
 93 64 60 68 77 74 -1 86 54 62 88
 89 94 79 56 72 88 86 -1 70 71 74
 54 54 67 92 67 55 54 70 -1 85 75
 80 58 51 67 90 75 62 71 85 -1 69
 53 65 99 64 83 79 88 74 75 69 -1
