11
 -1 81 54 89 81 61 91 60 62 91 92
 81 -1 99 54 88 60 66 59 86 67 53
 54 99 -1 65 52 62 60 51 72 84 83
 89 54 65 -1 79 69 82 83 94 93 53
 81 88 52 79 -1 85 76 56 92 98 86
 61 60 62 69 85 -1 61 65 73 96 62
 91 66 60 82 76 61 -1 85 85 55 66
 60 59 51 83 56 65 85 -1 96 62 98
 62 86 72 94 92 73 85 96 -1 67 71
 91 67 84 93 98 96 55 62 67 -1 67
 92 53 83 53 86 62 66 98 71 67 -1
