11
 -1 59 85 65 55 52 85 51 64 83 92
 59 -1 93 76 92 54 98 50 54 97 60
 85 93 -1 63 94 94 94 70 74 62 61
 65 76 63 -1 81 94 65 66 73 77 88
 55 92 94 81 -1 61 66 53 89 78 78
 52 54 94 94 61 -1 73 93 68 64 77
 85 98 94 65 66 73 -1 93 90 81 61
 51 50 70 66 53 93 93 -1 68 75 79
 64 54 74 73 89 68 90 68 -1 61 79
 83 97 62 77 78 64 81 75 61 -1 83
 92 60 61 88 78 77 61 79 79 83 -1
