11
 -1 56 81 83 93 80 51 90 67 55 60
 56 -1 69 69 52 93 53 98 61 51 91
 81 69 -1 72 58 53 75 90 61 67 79
 83 69 72 -1 81 75 93 58 75 63 85
 93 52 58 81 -1 51 53 71 92 85 84
 80 93 53 75 51 -1 60 86 82 98 82
 51 53 75 93 53 60 -1 62 58 59 98
 90 98 90 58 71 86 62 -1 63 88 77
 67 61 61 75 92 82 58 63 -1 73 81
 55 51 67 63 85 98 59 88 73 -1 90
 60 91 79 85 84 82 98 77 81 90 -1
