11
 -1 84 70 87 86 98 70 56 98 83 77
 84 -1 55 68 67 63 87 52 64 58 82
 70 55 -1 86 91 66 92 87 90 75 88
 87 68 86 -1 84 73 63 75 84 76 71
 86 67 91 84 -1 86 76 85 87 94 95
 98 63 66 73 86 -1 78 60 95 73 64
 70 87 92 63 76 78 -1 58 71 91 50
 56 52 87 75 85 60 58 -1 55 60 54
 98 64 90 84 87 95 71 55 -1 98 69
 83 58 75 76 94 73 91 60 98 -1 87
 77 82 88 71 95 64 50 54 69 87 -1
