11
 -1 65 74 55 73 81 72 71 51 93 73
 65 -1 83 50 54 50 62 62 92 99 50
 74 83 -1 72 75 95 82 59 85 73 66
 55 50 72 -1 79 96 96 78 68 70 55
 73 54 75 79 -1 50 92 79 66 78 96
 81 50 95 96 50 -1 60 68 71 54 59
 72 62 82 96 92 60 -1 79 74 71 67
 71 62 59 78 79 68 79 -1 69 75 68
 51 92 85 68 66 71 74 69 -1 52 73
 93 99 73 70 78 54 71 75 52 -1 78
 73 50 66 55 96 59 67 68 73 78 -1
