11
 -1 97 92 82 82 50 67 55 75 63 62
 97 -1 70 82 96 62 98 65 52 93 90
 92 70 -1 77 97 57 91 77 61 76 74
 82 82 77 -1 68 95 99 54 74 60 55
 82 96 97 68 -1 87 56 82 96 63 89
 50 62 57 95 87 -1 58 93 83 78 80
 67 98 91 99 56 58 -1 94 58 75 66
 55 65 77 54 82 93 94 -1 78 71 96
 75 52 61 74 96 83 58 78 -1 73 98
 63 93 76 60 63 78 75 71 73 -1 93
 62 90 74 55 89 80 66 96 98 93 -1
