11
 -1 50 80 95 58 91 67 58 97 58 63
 50 -1 88 58 82 69 99 62 54 55 72
 80 88 -1 92 88 54 74 73 77 77 55
 95 58 92 -1 91 84 94 63 50 96 87
 58 82 88 91 -1 95 70 51 84 98 68
 91 69 54 84 95 -1 99 56 65 68 78
 67 99 74 94 70 99 -1 81 97 65 88
 58 62 73 63 51 56 81 -1 92 55 76
 97 54 77 50 84 65 97 92 -1 54 90
 58 55 77 96 98 68 65 55 54 -1 62
 63 72 55 87 68 78 88 76 90 62 -1
