11
 -1 91 94 73 50 90 74 54 71 86 75
 91 -1 68 93 93 51 98 77 80 87 56
 94 68 -1 72 56 75 98 61 94 63 53
 73 93 72 -1 67 97 91 93 62 94 75
 50 93 56 67 -1 78 53 95 74 55 98
 90 51 75 97 78 -1 54 89 62 55 56
 74 98 98 91 53 54 -1 82 85 97 81
 54 77 61 93 95 89 82 -1 67 82 54
 71 80 94 62 74 62 85 67 -1 55 83
 86 87 63 94 55 55 97 82 55 -1 93
 75 56 53 75 98 56 81 54 83 93 -1
