11
 -1 98 80 80 76 53 70 95 93 98 72
 98 -1 82 51 65 58 97 86 79 99 89
 80 82 -1 64 88 76 78 86 99 78 73
 80 51 64 -1 90 90 68 73 91 89 52
 76 65 88 90 -1 73 80 86 59 89 59
 53 58 76 90 73 -1 83 94 84 83 55
 70 97 78 68 80 83 -1 54 73 97 88
 95 86 86 73 86 94 54 -1 62 67 55
 93 79 99 91 59 84 73 62 -1 75 93
 98 99 78 89 89 83 97 67 75 -1 76
 72 89 73 52 59 55 88 55 93 76 -1
