7
 -1 66 71 59 76 82 60
 66 -1 89 98 64 60 74
 71 89 -1 82 81 91 81
 59 98 82 -1 54 72 55
 76 64 81 54 -1 70 96
 82 60 91 72 70 -1 60
 60 74 81 55 96 60 -1
