7
 -1 79 85 92 85 63 72
 79 -1 74 58 70 55 55
 85 74 -1 62 61 67 73
 92 58 62 -1 91 74 56
 85 70 61 91 -1 72 70
 63 55 67 74 72 -1 76
 72 55 73 56 70 76 -1
