7
 -1 95 98 91 79 96 89
 95 -1 51 93 64 64 78
 98 51 -1 57 79 75 95
 91 93 57 -1 50 90 52
 79 64 79 50 -1 75 71
 96 64 75 90 75 -1 58
 89 78 95 52 71 58 -1
