7
 -1 59 90 83 56 66 94
 59 -1 84 62 71 62 89
 90 84 -1 91 64 85 72
 83 62 91 -1 84 57 74
 56 71 64 84 -1 55 89
 66 62 85 57 55 -1 70
 94 89 72 74 89 70 -1
