7
 -1 90 66 67 62 68 50
 90 -1 60 57 59 52 59
 66 60 -1 90 61 59 85
 67 57 90 -1 72 51 64
 62 59 61 72 -1 64 95
 68 52 59 51 64 -1 52
 50 59 85 64 95 52 -1
