7
 -1 76 80 84 58 93 79
 76 -1 61 77 51 60 75
 80 61 -1 52 92 88 77
 84 77 52 -1 78 61 92
 58 51 92 78 -1 68 50
 93 60 88 61 68 -1 98
 79 75 77 92 50 98 -1
