7
 -1 94 59 61 96 52 66
 94 -1 99 59 76 89 96
 59 99 -1 61 56 64 69
 61 59 61 -1 50 88 60
 96 76 56 50 -1 66 74
 52 89 64 88 66 -1 62
 66 96 69 60 74 62 -1
