7
 -1 78 61 96 65 63 60
 78 -1 92 79 90 80 76
 61 92 -1 89 65 57 69
 96 79 89 -1 80 54 63
 65 90 65 80 -1 78 95
 63 80 57 54 78 -1 54
 60 76 69 63 95 54 -1
