7
 -1 77 67 51 52 70 90
 77 -1 50 50 89 52 82
 67 50 -1 94 91 99 74
 51 50 94 -1 56 66 55
 52 89 91 56 -1 82 64
 70 52 99 66 82 -1 89
 90 82 74 55 64 89 -1
