7
 -1 88 71 66 85 77 88
 88 -1 93 84 99 83 82
 71 93 -1 71 66 91 75
 66 84 71 -1 91 80 79
 85 99 66 91 -1 85 89
 77 83 91 80 85 -1 97
 88 82 75 79 89 97 -1
