7
 -1 78 86 59 63 68 82
 78 -1 83 73 52 75 56
 86 83 -1 63 54 99 90
 59 73 63 -1 58 77 65
 63 52 54 58 -1 76 62
 68 75 99 77 76 -1 75
 82 56 90 65 62 75 -1
