7
 -1 84 90 68 92 75 97
 84 -1 63 80 87 85 81
 90 63 -1 97 63 76 68
 68 80 97 -1 83 94 66
 92 87 63 83 -1 69 73
 75 85 76 94 69 -1 97
 97 81 68 66 73 97 -1
