7
 -1 51 66 87 64 72 74
 51 -1 77 56 86 93 84
 66 77 -1 62 51 74 62
 87 56 62 -1 61 90 87
 64 86 51 61 -1 73 67
 72 93 74 90 73 -1 90
 74 84 62 87 67 90 -1
