7
 -1 74 95 95 64 64 55
 74 -1 84 94 62 59 67
 95 84 -1 67 92 91 55
 95 94 67 -1 63 53 56
 64 62 92 63 -1 67 78
 64 59 91 53 67 -1 77
 55 67 55 56 78 77 -1
