7
 -1 99 54 74 88 94 82
 99 -1 69 80 68 69 54
 54 69 -1 55 72 62 78
 74 80 55 -1 78 90 74
 88 68 72 78 -1 66 69
 94 69 62 90 66 -1 94
 82 54 78 74 69 94 -1
