7
 -1 85 62 53 58 74 63
 85 -1 97 67 73 51 89
 62 97 -1 64 94 57 51
 53 67 64 -1 88 50 87
 58 73 94 88 -1 81 69
 74 51 57 50 81 -1 96
 63 89 51 87 69 96 -1
