7
 -1 57 82 73 53 76 62
 57 -1 86 66 90 74 89
 82 86 -1 92 61 95 67
 73 66 92 -1 98 81 58
 53 90 61 98 -1 91 77
 76 74 95 81 91 -1 93
 62 89 67 58 77 93 -1
