7
 -1 59 87 93 96 98 74
 59 -1 96 52 89 90 75
 87 96 -1 87 56 80 97
 93 52 87 -1 92 71 86
 96 89 56 92 -1 56 73
 98 90 80 71 56 -1 75
 74 75 97 86 73 75 -1
