7
 -1 62 70 55 74 52 53
 62 -1 56 82 93 64 94
 70 56 -1 95 75 66 55
 55 82 95 -1 68 97 59
 74 93 75 68 -1 66 88
 52 64 66 97 66 -1 54
 53 94 55 59 88 54 -1
