7
 -1 50 69 58 55 93 86
 50 -1 77 93 81 52 75
 69 77 -1 54 79 88 77
 58 93 54 -1 80 51 61
 55 81 79 80 -1 84 95
 93 52 88 51 84 -1 82
 86 75 77 61 95 82 -1
