7
 -1 77 61 93 50 78 90
 77 -1 79 66 76 83 94
 61 79 -1 75 64 84 60
 93 66 75 -1 56 86 70
 50 76 64 56 -1 78 76
 78 83 84 86 78 -1 55
 90 94 60 70 76 55 -1
