7
 -1 77 53 97 80 52 89
 77 -1 97 65 72 58 75
 53 97 -1 73 70 74 84
 97 65 73 -1 90 61 95
 80 72 70 90 -1 81 85
 52 58 74 61 81 -1 54
 89 75 84 95 85 54 -1
