7
 -1 73 84 99 91 60 89
 73 -1 84 68 83 57 90
 84 84 -1 90 54 66 96
 99 68 90 -1 66 60 61
 91 83 54 66 -1 74 83
 60 57 66 60 74 -1 99
 89 90 96 61 83 99 -1
