7
 -1 69 57 53 87 66 69
 69 -1 62 98 93 59 59
 57 62 -1 87 74 77 63
 53 98 87 -1 93 67 73
 87 93 74 93 -1 77 77
 66 59 77 67 77 -1 75
 69 59 63 73 77 75 -1
