7
 -1 82 93 56 55 68 56
 82 -1 85 85 96 68 60
 93 85 -1 76 59 68 61
 56 85 76 -1 56 71 80
 55 96 59 56 -1 68 53
 68 68 68 71 68 -1 80
 56 60 61 80 53 80 -1
