7
 -1 91 83 69 84 62 73
 91 -1 97 52 78 81 76
 83 97 -1 58 86 95 67
 69 52 58 -1 59 69 82
 84 78 86 59 -1 68 82
 62 81 95 69 68 -1 85
 73 76 67 82 82 85 -1
