7
 -1 93 94 61 78 53 95
 93 -1 76 67 99 87 56
 94 76 -1 52 84 75 86
 61 67 52 -1 65 73 71
 78 99 84 65 -1 95 70
 53 87 75 73 95 -1 71
 95 56 86 71 70 71 -1
