8
 -1 91 76 65 76 58 91 65
 91 -1 74 93 94 50 87 67
 76 74 -1 82 68 88 54 59
 65 93 82 -1 66 51 70 93
 76 94 68 66 -1 93 74 96
 58 50 88 51 93 -1 92 65
 91 87 54 70 74 92 -1 50
 65 67 59 93 96 65 50 -1
