8
 -1 65 55 89 54 63 52 52
 65 -1 81 77 86 81 65 63
 55 81 -1 71 63 56 99 90
 89 77 71 -1 91 81 95 50
 54 86 63 91 -1 64 76 64
 63 81 56 81 64 -1 58 72
 52 65 99 95 76 58 -1 53
 52 63 90 50 64 72 53 -1
