8
 -1 78 66 93 85 89 88 89
 78 -1 56 74 51 73 83 74
 66 56 -1 87 60 82 71 81
 93 74 87 -1 89 52 92 91
 85 51 60 89 -1 55 98 89
 89 73 82 52 55 -1 71 71
 88 83 71 92 98 71 -1 91
 89 74 81 91 89 71 91 -1
