8
 -1 55 93 83 77 89 86 69
 55 -1 97 60 86 55 80 65
 93 97 -1 53 92 53 85 82
 83 60 53 -1 62 78 74 58
 77 86 92 62 -1 78 65 90
 89 55 53 78 78 -1 59 63
 86 80 85 74 65 59 -1 52
 69 65 82 58 90 63 52 -1
