8
 -1 81 84 87 70 78 65 77
 81 -1 95 80 92 92 95 92
 84 95 -1 92 97 61 77 74
 87 80 92 -1 99 67 51 96
 70 92 97 99 -1 97 77 59
 78 92 61 67 97 -1 65 56
 65 95 77 51 77 65 -1 57
 77 92 74 96 59 56 57 -1
