8
 -1 51 71 83 72 79 55 73
 51 -1 59 55 87 96 76 50
 71 59 -1 54 99 94 87 84
 83 55 54 -1 92 57 70 51
 72 87 99 92 -1 90 73 94
 79 96 94 57 90 -1 67 60
 55 76 87 70 73 67 -1 99
 73 50 84 51 94 60 99 -1
