8
 -1 54 68 55 90 84 51 79
 54 -1 56 89 96 71 73 75
 68 56 -1 67 72 57 60 68
 55 89 67 -1 62 63 58 54
 90 96 72 62 -1 69 51 77
 84 71 57 63 69 -1 99 52
 51 73 60 58 51 99 -1 57
 79 75 68 54 77 52 57 -1
