8
 -1 74 62 80 85 66 99 61
 74 -1 57 80 69 57 67 94
 62 57 -1 65 85 92 51 63
 80 80 65 -1 78 52 52 92
 85 69 85 78 -1 80 92 71
 66 57 92 52 80 -1 63 81
 99 67 51 52 92 63 -1 96
 61 94 63 92 71 81 96 -1
