8
 -1 50 86 74 54 50 64 68
 50 -1 54 98 79 65 70 82
 86 54 -1 63 80 70 54 71
 74 98 63 -1 92 68 66 81
 54 79 80 92 -1 74 90 78
 50 65 70 68 74 -1 58 86
 64 70 54 66 90 58 -1 75
 68 82 71 81 78 86 75 -1
