8
 -1 99 70 50 76 83 97 77
 99 -1 72 56 54 73 54 67
 70 72 -1 78 91 75 63 78
 50 56 78 -1 81 86 61 98
 76 54 91 81 -1 89 77 99
 83 73 75 86 89 -1 70 51
 97 54 63 61 77 70 -1 79
 77 67 78 98 99 51 79 -1
