8
 -1 80 88 79 81 68 66 76
 80 -1 55 58 64 52 92 73
 88 55 -1 79 59 91 64 98
 79 58 79 -1 60 54 65 54
 81 64 59 60 -1 75 96 92
 68 52 91 54 75 -1 78 78
 66 92 64 65 96 78 -1 52
 76 73 98 54 92 78 52 -1
