8
 -1 67 65 59 76 84 58 72
 67 -1 68 94 87 97 96 59
 65 68 -1 94 79 68 92 91
 59 94 94 -1 52 94 50 90
 76 87 79 52 -1 97 83 76
 84 97 68 94 97 -1 97 52
 58 96 92 50 83 97 -1 83
 72 59 91 90 76 52 83 -1
