8
 -1 94 79 74 55 93 92 75
 94 -1 83 69 77 78 70 58
 79 83 -1 90 69 99 58 50
 74 69 90 -1 89 64 58 51
 55 77 69 89 -1 80 62 84
 93 78 99 64 80 -1 72 50
 92 70 58 58 62 72 -1 55
 75 58 50 51 84 50 55 -1
