8
 -1 76 80 70 96 61 92 94
 76 -1 59 62 81 55 70 52
 80 59 -1 95 85 91 68 50
 70 62 95 -1 52 54 84 69
 96 81 85 52 -1 85 90 61
 61 55 91 54 85 -1 76 53
 92 70 68 84 90 76 -1 70
 94 52 50 69 61 53 70 -1
