8
 -1 97 53 73 96 81 89 65
 97 -1 78 86 98 70 99 62
 53 78 -1 89 84 96 64 60
 73 86 89 -1 92 92 81 59
 96 98 84 92 -1 77 71 64
 81 70 96 92 77 -1 82 61
 89 99 64 81 71 82 -1 78
 65 62 60 59 64 61 78 -1
