8
 -1 77 64 74 50 55 89 62
 77 -1 51 69 55 53 81 54
 64 51 -1 79 68 90 52 51
 74 69 79 -1 98 87 78 77
 50 55 68 98 -1 75 82 66
 55 53 90 87 75 -1 66 63
 89 81 52 78 82 66 -1 89
 62 54 51 77 66 63 89 -1
