8
 -1 82 74 60 86 69 77 96
 82 -1 67 90 62 70 64 82
 74 67 -1 70 99 84 50 70
 60 90 70 -1 86 75 68 60
 86 62 99 86 -1 75 97 86
 69 70 84 75 75 -1 52 71
 77 64 50 68 97 52 -1 88
 96 82 70 60 86 71 88 -1
