8
 -1 54 85 88 50 66 60 57
 54 -1 77 61 54 68 64 78
 85 77 -1 96 69 75 65 67
 88 61 96 -1 87 87 89 55
 50 54 69 87 -1 90 78 60
 66 68 75 87 90 -1 65 88
 60 64 65 89 78 65 -1 66
 57 78 67 55 60 88 66 -1
