8
 -1 98 61 54 92 66 57 60
 98 -1 56 98 60 52 71 66
 61 56 -1 85 83 82 63 96
 54 98 85 -1 95 84 69 67
 92 60 83 95 -1 73 86 94
 66 52 82 84 73 -1 79 64
 57 71 63 69 86 79 -1 75
 60 66 96 67 94 64 75 -1
