8
 -1 52 56 59 65 95 85 64
 52 -1 70 62 79 50 69 51
 56 70 -1 63 64 83 95 57
 59 62 63 -1 78 73 69 77
 65 79 64 78 -1 71 97 88
 95 50 83 73 71 -1 94 50
 85 69 95 69 97 94 -1 55
 64 51 57 77 88 50 55 -1
