8
 -1 96 92 99 58 92 86 94
 96 -1 50 98 60 99 63 82
 92 50 -1 70 85 53 72 64
 99 98 70 -1 75 89 73 59
 58 60 85 75 -1 51 84 83
 92 99 53 89 51 -1 68 71
 86 63 72 73 84 68 -1 88
 94 82 64 59 83 71 88 -1
