8
 -1 71 65 95 91 54 64 85
 71 -1 65 85 71 59 80 81
 65 65 -1 50 56 78 71 73
 95 85 50 -1 96 75 70 52
 91 71 56 96 -1 90 82 64
 54 59 78 75 90 -1 50 95
 64 80 71 70 82 50 -1 94
 85 81 73 52 64 95 94 -1
