8
 -1 57 60 80 77 84 95 82
 57 -1 73 75 61 97 66 80
 60 73 -1 90 91 65 99 72
 80 75 90 -1 69 88 61 69
 77 61 91 69 -1 58 96 64
 84 97 65 88 58 -1 70 95
 95 66 99 61 96 70 -1 74
 82 80 72 69 64 95 74 -1
