8
 -1 78 92 87 67 93 81 90
 78 -1 68 52 80 77 69 84
 92 68 -1 93 84 66 85 56
 87 52 93 -1 95 79 77 74
 67 80 84 95 -1 76 85 64
 93 77 66 79 76 -1 86 81
 81 69 85 77 85 86 -1 96
 90 84 56 74 64 81 96 -1
