8
 -1 80 78 59 98 57 79 91
 80 -1 70 71 75 71 81 88
 78 70 -1 90 85 63 75 98
 59 71 90 -1 66 52 62 82
 98 75 85 66 -1 98 51 72
 57 71 63 52 98 -1 62 56
 79 81 75 62 51 62 -1 56
 91 88 98 82 72 56 56 -1
