8
 -1 89 87 69 80 66 62 55
 89 -1 52 66 89 50 76 63
 87 52 -1 74 64 97 72 63
 69 66 74 -1 79 74 91 97
 80 89 64 79 -1 73 60 51
 66 50 97 74 73 -1 99 61
 62 76 72 91 60 99 -1 79
 55 63 63 97 51 61 79 -1
