8
 -1 74 69 63 84 66 93 98
 74 -1 87 59 75 83 58 99
 69 87 -1 92 66 94 58 81
 63 59 92 -1 65 84 55 53
 84 75 66 65 -1 85 87 62
 66 83 94 84 85 -1 80 94
 93 58 58 55 87 80 -1 50
 98 99 81 53 62 94 50 -1
