6
 -1 79 76 85 82 77
 79 -1 55 92 99 68
 76 55 -1 74 58 52
 85 92 74 -1 72 91
 82 99 58 72 -1 74
 77 68 52 91 74 -1
