6
 -1 95 86 54 54 54
 95 -1 84 86 68 80
 86 84 -1 70 62 61
 54 86 70 -1 91 97
 54 68 62 91 -1 96
 54 80 61 97 96 -1
