6
 -1 81 62 85 85 96
 81 -1 84 88 70 87
 62 84 -1 91 93 59
 85 88 91 -1 84 66
 85 70 93 84 -1 59
 96 87 59 66 59 -1
