6
 -1 66 60 53 94 67
 66 -1 71 95 83 77
 60 71 -1 61 81 77
 53 95 61 -1 87 79
 94 83 81 87 -1 95
 67 77 77 79 95 -1
