6
 -1 86 96 83 69 61
 86 -1 58 99 73 69
 96 58 -1 78 52 86
 83 99 78 -1 74 79
 69 73 52 74 -1 96
 61 69 86 79 96 -1
