6
 -1 95 96 66 78 84
 95 -1 57 99 95 59
 96 57 -1 54 89 91
 66 99 54 -1 61 61
 78 95 89 61 -1 88
 84 59 91 61 88 -1
