6
 -1 86 97 97 77 80
 86 -1 86 83 54 72
 97 86 -1 85 61 98
 97 83 85 -1 79 66
 77 54 61 79 -1 52
 80 72 98 66 52 -1
