6
 -1 97 61 56 62 71
 97 -1 50 80 60 82
 61 50 -1 51 98 61
 56 80 51 -1 52 62
 62 60 98 52 -1 94
 71 82 61 62 94 -1
