6
 -1 51 51 87 74 56
 51 -1 93 50 77 65
 51 93 -1 78 82 58
 87 50 78 -1 85 56
 74 77 82 85 -1 83
 56 65 58 56 83 -1
