6
 -1 62 55 64 67 78
 62 -1 97 63 76 60
 55 97 -1 77 87 97
 64 63 77 -1 65 89
 67 76 87 65 -1 75
 78 60 97 89 75 -1
