6
 -1 98 67 95 74 63
 98 -1 77 81 98 96
 67 77 -1 90 66 76
 95 81 90 -1 63 62
 74 98 66 63 -1 85
 63 96 76 62 85 -1
