6
 -1 51 54 79 57 56
 51 -1 77 91 56 59
 54 77 -1 58 66 75
 79 91 58 -1 62 71
 57 56 66 62 -1 62
 56 59 75 71 62 -1
