6
 -1 96 72 75 66 59
 96 -1 79 69 96 75
 72 79 -1 62 62 81
 75 69 62 -1 84 85
 66 96 62 84 -1 89
 59 75 81 85 89 -1
