6
 -1 68 88 98 56 88
 68 -1 95 67 74 53
 88 95 -1 86 95 83
 98 67 86 -1 72 65
 56 74 95 72 -1 77
 88 53 83 65 77 -1
