6
 -1 95 64 76 88 94
 95 -1 99 91 59 76
 64 99 -1 68 64 77
 76 91 68 -1 50 77
 88 59 64 50 -1 63
 94 76 77 77 63 -1
