6
 -1 80 55 79 50 77
 80 -1 68 84 74 67
 55 68 -1 61 71 92
 79 84 61 -1 66 54
 50 74 71 66 -1 94
 77 67 92 54 94 -1
