6
 -1 91 54 99 73 97
 91 -1 50 92 74 73
 54 50 -1 94 93 54
 99 92 94 -1 84 51
 73 74 93 84 -1 64
 97 73 54 51 64 -1
