6
 -1 79 70 51 95 88
 79 -1 76 86 64 73
 70 76 -1 90 74 79
 51 86 90 -1 60 53
 95 64 74 60 -1 98
 88 73 79 53 98 -1
