6
 -1 51 95 54 98 55
 51 -1 54 96 71 70
 95 54 -1 96 71 67
 54 96 96 -1 94 60
 98 71 71 94 -1 73
 55 70 67 60 73 -1
