6
 -1 83 91 61 51 50
 83 -1 93 92 89 84
 91 93 -1 79 93 50
 61 92 79 -1 77 79
 51 89 93 77 -1 87
 50 84 50 79 87 -1
