6
 -1 50 82 55 53 81
 50 -1 84 88 87 57
 82 84 -1 80 52 96
 55 88 80 -1 76 50
 53 87 52 76 -1 69
 81 57 96 50 69 -1
