12
 -1 80 50 68 85 50 93 61 99 59 99 94
 80 -1 58 54 96 51 51 90 71 87 99 84
 50 58 -1 64 81 73 79 66 87 73 90 57
 68 54 64 -1 93 61 55 75 81 91 78 60
 85 96 81 93 -1 54 75 75 71 82 56 85
 50 51 73 61 54 -1 65 95 95 75 65 80
 93 51 79 55 75 65 -1 65 52 94 93 99
 61 90 66 75 75 95 65 -1 77 56 67 66
 99 71 87 81 71 95 52 77 -1 86 57 51
 59 87 73 91 82 75 94 56 86 -1 62 94
 99 99 90 78 56 65 93 67 57 62 -1 68
 94 84 57 60 85 80 99 66 51 94 68 -1
