12
 -1 72 95 73 57 70 63 91 79 92 84 78
 72 -1 92 53 95 69 63 56 90 86 58 83
 95 92 -1 54 88 88 51 59 91 88 68 95
 73 53 54 -1 65 94 62 65 51 80 85 79
 57 95 88 65 -1 83 81 73 88 54 70 63
 70 69 88 94 83 -1 79 68 86 61 52 86
 63 63 51 62 81 79 -1 99 77 51 66 70
 91 56 59 65 73 68 99 -1 93 94 63 66
 79 90 91 51 88 86 77 93 -1 55 60 74
 92 86 88 80 54 61 51 94 55 -1 77 56
 84 58 68 85 70 52 66 63 60 77 -1 93
 78 83 95 79 63 86 70 66 74 56 93 -1
