12
 -1 74 88 88 72 81 69 67 79 78 90 63
 74 -1 53 55 93 57 69 89 81 66 96 58
 88 53 -1 57 59 97 50 79 65 73 62 91
 88 55 57 -1 62 85 57 90 54 90 90 83
 72 93 59 62 -1 91 88 65 71 78 56 88
 81 57 97 85 91 -1 57 61 69 57 50 74
 69 69 50 57 88 57 -1 70 92 97 99 99
 67 89 79 90 65 61 70 -1 78 77 73 94
 79 81 65 54 71 69 92 78 -1 92 91 98
 78 66 73 90 78 57 97 77 92 -1 78 70
 90 96 62 90 56 50 99 73 91 78 -1 88
 63 58 91 83 88 74 99 94 98 70 88 -1
