12
 -1 76 50 52 59 79 65 67 67 81 74 81
 76 -1 54 90 87 60 70 92 63 58 95 82
 50 54 -1 84 61 65 91 90 91 94 67 59
 52 90 84 -1 51 69 58 57 95 94 66 84
 59 87 61 51 -1 66 51 69 64 62 55 51
 79 60 65 69 66 -1 57 91 97 73 68 72
 65 70 91 58 51 57 -1 53 99 56 73 75
 67 92 90 57 69 91 53 -1 54 79 72 98
 67 63 91 95 64 97 99 54 -1 95 61 86
 81 58 94 94 62 73 56 79 95 -1 65 72
 74 95 67 66 55 68 73 72 61 65 -1 98
 81 82 59 84 51 72 75 98 86 72 98 -1
