12
 -1 96 63 87 56 69 59 86 92 73 67 64
 96 -1 95 63 61 67 58 53 73 84 73 82
 63 95 -1 82 86 61 66 55 93 63 56 79
 87 63 82 -1 66 63 53 97 88 59 83 54
 56 61 86 66 -1 89 83 85 86 52 77 75
 69 67 61 63 89 -1 50 84 89 84 91 52
 59 58 66 53 83 50 -1 88 76 78 85 98
 86 53 55 97 85 84 88 -1 52 64 65 65
 92 73 93 88 86 89 76 52 -1 97 95 91
 73 84 63 59 52 84 78 64 97 -1 92 89
 67 73 56 83 77 91 85 65 95 92 -1 93
 64 82 79 54 75 52 98 65 91 89 93 -1
