12
 -1 93 62 58 92 70 91 71 62 68 86 57
 93 -1 77 73 51 69 91 67 73 58 95 58
 62 77 -1 80 96 50 65 84 59 61 83 51
 58 73 80 -1 92 56 88 98 55 66 52 72
 92 51 96 92 -1 98 86 69 85 52 84 70
 70 69 50 56 98 -1 80 82 86 84 71 74
 91 91 65 88 86 80 -1 63 65 88 82 81
 71 67 84 98 69 82 63 -1 60 52 57 78
 62 73 59 55 85 86 65 60 -1 90 88 62
 68 58 61 66 52 84 88 52 90 -1 68 68
 86 95 83 52 84 71 82 57 88 68 -1 95
 57 58 51 72 70 74 81 78 62 68 95 -1
