12
 -1 93 55 89 64 85 97 92 63 75 82 52
 93 -1 58 52 58 99 76 52 95 62 52 56
 55 58 -1 72 52 79 79 95 94 65 81 89
 89 52 72 -1 61 51 60 95 58 77 61 96
 64 58 52 61 -1 54 93 77 52 73 62 71
 85 99 79 51 54 -1 60 70 52 50 74 86
 97 76 79 60 93 60 -1 94 97 76 72 90
 92 52 95 95 77 70 94 -1 54 52 55 80
 63 95 94 58 52 52 97 54 -1 53 79 89
 75 62 65 77 73 50 76 52 53 -1 67 95
 82 52 81 61 62 74 72 55 79 67 -1 79
 52 56 89 96 71 86 90 80 89 95 79 -1
