12
 -1 95 70 62 62 59 75 60 83 55 96 94
 95 -1 93 99 77 75 95 53 81 55 98 72
 70 93 -1 69 73 98 95 94 93 81 61 73
 62 99 69 -1 67 71 54 81 78 81 91 57
 62 77 73 67 -1 88 64 92 53 73 52 55
 59 75 98 71 88 -1 97 86 86 93 75 55
 75 95 95 54 64 97 -1 61 91 56 89 50
 60 53 94 81 92 86 61 -1 54 73 62 86
 83 81 93 78 53 86 91 54 -1 66 80 60
 55 55 81 81 73 93 56 73 66 -1 85 89
 96 98 61 91 52 75 89 62 80 85 -1 79
 94 72 73 57 55 55 50 86 60 89 79 -1
