12
 -1 65 94 98 91 80 97 54 93 73 75 78
 65 -1 84 77 84 81 63 73 91 50 81 79
 94 84 -1 59 83 70 96 52 77 51 71 73
 98 77 59 -1 59 74 80 62 58 58 74 78
 91 84 83 59 -1 84 50 80 88 59 61 72
 80 81 70 74 84 -1 92 52 63 82 73 66
 97 63 96 80 50 92 -1 98 58 89 66 57
 54 73 52 62 80 52 98 -1 65 82 66 82
 93 91 77 58 88 63 58 65 -1 56 98 54
 73 50 51 58 59 82 89 82 56 -1 68 72
 75 81 71 74 61 73 66 66 98 68 -1 90
 78 79 73 78 72 66 57 82 54 72 90 -1
