12
 -1 67 98 58 69 68 51 95 59 90 77 53
 67 -1 82 80 82 90 72 97 61 58 84 58
 98 82 -1 86 82 97 75 82 70 76 73 98
 58 80 86 -1 76 54 61 58 79 74 55 77
 69 82 82 76 -1 62 50 83 62 86 96 68
 68 90 97 54 62 -1 53 55 54 95 75 61
 51 72 75 61 50 53 -1 74 89 65 58 99
 95 97 82 58 83 55 74 -1 92 83 93 99
 59 61 70 79 62 54 89 92 -1 51 73 75
 90 58 76 74 86 95 65 83 51 -1 93 53
 77 84 73 55 96 75 58 93 73 93 -1 88
 53 58 98 77 68 61 99 99 75 53 88 -1
