12
 -1 92 90 55 69 92 73 51 71 99 63 90
 92 -1 77 51 61 72 53 81 50 92 84 50
 90 77 -1 62 69 56 98 60 59 58 52 70
 55 51 62 -1 59 98 86 64 65 70 64 95
 69 61 69 59 -1 71 83 77 92 53 71 71
 92 72 56 98 71 -1 67 76 86 50 88 72
 73 53 98 86 83 67 -1 54 70 92 81 56
 51 81 60 64 77 76 54 -1 95 59 74 89
 71 50 59 65 92 86 70 95 -1 99 71 64
 99 92 58 70 53 50 92 59 99 -1 92 92
 63 84 52 64 71 88 81 74 71 92 -1 59
 90 50 70 95 71 72 56 89 64 92 59 -1
