12
 -1 91 53 65 81 82 74 58 64 65 76 88
 91 -1 77 94 84 91 95 73 59 53 87 73
 53 77 -1 83 99 84 61 83 52 94 77 81
 65 94 83 -1 73 53 56 84 55 64 89 54
 81 84 99 73 -1 66 68 52 64 77 96 89
 82 91 84 53 66 -1 61 95 80 76 97 92
 74 95 61 56 68 61 -1 63 70 57 50 56
 58 73 83 84 52 95 63 -1 58 63 54 97
 64 59 52 55 64 80 70 58 -1 82 70 57
 65 53 94 64 77 76 57 63 82 -1 86 88
 76 87 77 89 96 97 50 54 70 86 -1 67
 88 73 81 54 89 92 56 97 57 88 67 -1
