12
 -1 73 57 82 96 57 50 79 75 96 65 56
 73 -1 98 98 98 70 81 95 69 81 63 94
 57 98 -1 84 61 60 62 53 59 75 58 87
 82 98 84 -1 70 93 55 54 51 57 78 78
 96 98 61 70 -1 84 81 58 76 51 70 70
 57 70 60 93 84 -1 80 74 60 82 89 56
 50 81 62 55 81 80 -1 72 83 79 58 90
 79 95 53 54 58 74 72 -1 74 63 99 73
 75 69 59 51 76 60 83 74 -1 75 84 83
 96 81 75 57 51 82 79 63 75 -1 61 50
 65 63 58 78 70 89 58 99 84 61 -1 58
 56 94 87 78 70 56 90 73 83 50 58 -1
