12
 -1 98 82 67 79 85 54 79 96 70 66 96
 98 -1 59 64 97 91 73 56 96 92 63 74
 82 59 -1 59 69 88 88 84 99 91 72 95
 67 64 59 -1 77 70 67 85 94 91 54 51
 79 97 69 77 -1 81 84 57 78 71 80 70
 85 91 88 70 81 -1 51 53 59 78 59 93
 54 73 88 67 84 51 -1 52 61 85 58 50
 79 56 84 85 57 53 52 -1 94 59 61 64
 96 96 99 94 78 59 61 94 -1 99 65 71
 70 92 91 91 71 78 85 59 99 -1 92 61
 66 63 72 54 80 59 58 61 65 92 -1 77
 96 74 95 51 70 93 50 64 71 61 77 -1
