12
 -1 84 69 95 60 59 79 89 83 71 92 66
 84 -1 86 87 77 63 56 81 74 77 57 77
 69 86 -1 79 73 91 75 76 54 59 59 78
 95 87 79 -1 55 84 59 54 69 97 67 80
 60 77 73 55 -1 82 59 73 93 84 68 62
 59 63 91 84 82 -1 66 65 92 69 71 52
 79 56 75 59 59 66 -1 64 67 60 83 87
 89 81 76 54 73 65 64 -1 80 75 60 82
 83 74 54 69 93 92 67 80 -1 53 54 96
 71 77 59 97 84 69 60 75 53 -1 61 79
 92 57 59 67 68 71 83 60 54 61 -1 99
 66 77 78 80 62 52 87 82 96 79 99 -1
