12
 -1 65 55 69 83 91 63 66 93 89 87 63
 65 -1 84 72 59 97 63 97 80 62 72 62
 55 84 -1 66 92 57 94 58 87 69 59 69
 69 72 66 -1 85 84 63 57 60 82 83 80
 83 59 92 85 -1 56 53 99 85 50 88 55
 91 97 57 84 56 -1 67 56 71 62 64 99
 63 63 94 63 53 67 -1 67 79 81 51 69
 66 97 58 57 99 56 67 -1 59 57 54 65
 93 80 87 60 85 71 79 59 -1 96 61 86
 89 62 69 82 50 62 81 57 96 -1 61 90
 87 72 59 83 88 64 51 54 61 61 -1 97
 63 62 69 80 55 99 69 65 86 90 97 -1
