12
 -1 59 91 70 70 69 64 88 72 76 78 74
 59 -1 53 61 53 54 66 83 90 74 85 78
 91 53 -1 58 70 74 52 89 62 50 75 61
 70 61 58 -1 69 85 87 61 83 96 80 75
 70 53 70 69 -1 75 60 55 81 95 75 50
 69 54 74 85 75 -1 92 95 65 71 87 53
 64 66 52 87 60 92 -1 50 53 50 74 89
 88 83 89 61 55 95 50 -1 95 71 63 85
 72 90 62 83 81 65 53 95 -1 56 70 87
 76 74 50 96 95 71 50 71 56 -1 66 56
 78 85 75 80 75 87 74 63 70 66 -1 89
 74 78 61 75 50 53 89 85 87 56 89 -1
