12
 -1 78 53 88 57 54 92 75 97 68 78 67
 78 -1 78 50 60 97 56 97 95 73 51 65
 53 78 -1 63 90 71 78 77 75 60 95 96
 88 50 63 -1 60 73 96 90 76 59 56 91
 57 60 90 60 -1 68 69 99 98 83 99 62
 54 97 71 73 68 -1 94 66 53 64 66 93
 92 56 78 96 69 94 -1 74 64 58 53 66
 75 97 77 90 99 66 74 -1 98 56 77 88
 97 95 75 76 98 53 64 98 -1 87 63 94
 68 73 60 59 83 64 58 56 87 -1 80 71
 78 51 95 56 99 66 53 77 63 80 -1 54
 67 65 96 91 62 93 66 88 94 71 54 -1
