12
 -1 87 57 80 90 56 82 63 51 61 56 67
 87 -1 70 99 50 57 64 65 97 61 59 72
 57 70 -1 91 77 89 79 62 98 56 88 63
 80 99 91 -1 74 59 53 89 90 91 86 71
 90 50 77 74 -1 56 50 67 54 85 62 75
 56 57 89 59 56 -1 98 63 70 62 88 61
 82 64 79 53 50 98 -1 53 71 50 86 71
 63 65 62 89 67 63 53 -1 56 75 76 66
 51 97 98 90 54 70 71 56 -1 73 55 67
 61 61 56 91 85 62 50 75 73 -1 98 93
 56 59 88 86 62 88 86 76 55 98 -1 87
 67 72 63 71 75 61 71 66 67 93 87 -1
