12
 -1 82 82 84 58 59 79 79 87 83 81 71
 82 -1 63 78 81 69 65 95 58 66 55 51
 82 63 -1 60 82 91 59 61 58 52 70 92
 84 78 60 -1 64 91 51 81 69 65 91 90
 58 81 82 64 -1 94 83 98 91 82 56 88
 59 69 91 91 94 -1 84 52 71 61 53 50
 79 65 59 51 83 84 -1 67 56 85 77 98
 79 95 61 81 98 52 67 -1 71 74 88 60
 87 58 58 69 91 71 56 71 -1 52 50 93
 83 66 52 65 82 61 85 74 52 -1 90 71
 81 55 70 91 56 53 77 88 50 90 -1 68
 71 51 92 90 88 50 98 60 93 71 68 -1
