12
 -1 65 72 74 91 81 71 73 73 67 77 98
 65 -1 77 71 74 79 62 57 92 57 60 83
 72 77 -1 92 59 70 57 90 95 62 57 62
 74 71 92 -1 56 98 91 72 89 76 86 58
 91 74 59 56 -1 69 79 87 65 65 51 58
 81 79 70 98 69 -1 81 51 72 95 87 57
 71 62 57 91 79 81 -1 59 65 58 67 55
 73 57 90 72 87 51 59 -1 88 87 74 97
 73 92 95 89 65 72 65 88 -1 95 96 74
 67 57 62 76 65 95 58 87 95 -1 59 80
 77 60 57 86 51 87 67 74 96 59 -1 63
 98 83 62 58 58 57 55 97 74 80 63 -1
