12
 -1 62 97 76 71 62 65 96 72 82 90 65
 62 -1 72 75 83 87 67 91 61 83 98 67
 97 72 -1 89 76 76 65 75 69 67 99 81
 76 75 89 -1 69 98 61 55 84 61 57 72
 71 83 76 69 -1 90 76 98 58 52 62 91
 62 87 76 98 90 -1 65 81 93 81 78 92
 65 67 65 61 76 65 -1 54 60 98 73 91
 96 91 75 55 98 81 54 -1 83 81 58 75
 72 61 69 84 58 93 60 83 -1 80 69 52
 82 83 67 61 52 81 98 81 80 -1 98 87
 90 98 99 57 62 78 73 58 69 98 -1 87
 65 67 81 72 91 92 91 75 52 87 87 -1
