12
 -1 60 93 97 56 70 96 56 86 55 56 99
 60 -1 80 92 95 94 80 93 88 54 92 84
 93 80 -1 71 81 93 91 90 54 73 54 62
 97 92 71 -1 97 77 84 62 98 89 99 92
 56 95 81 97 -1 73 55 79 84 51 78 73
 70 94 93 77 73 -1 87 81 84 95 60 51
 96 80 91 84 55 87 -1 91 96 83 89 96
 56 93 90 62 79 81 91 -1 76 96 84 71
 86 88 54 98 84 84 96 76 -1 72 55 87
 55 54 73 89 51 95 83 96 72 -1 79 81
 56 92 54 99 78 60 89 84 55 79 -1 69
 99 84 62 92 73 51 96 71 87 81 69 -1
