12
 -1 63 86 88 83 67 76 66 89 86 76 65
 63 -1 73 75 58 67 57 99 51 77 76 62
 86 73 -1 76 75 64 82 74 82 78 73 91
 88 75 76 -1 58 68 81 89 54 61 61 77
 83 58 75 58 -1 96 86 52 90 85 58 53
 67 67 64 68 96 -1 81 70 57 95 59 94
 76 57 82 81 86 81 -1 62 92 80 92 61
 66 99 74 89 52 70 62 -1 67 50 76 59
 89 51 82 54 90 57 92 67 -1 63 60 84
 86 77 78 61 85 95 80 50 63 -1 68 69
 76 76 73 61 58 59 92 76 60 68 -1 53
 65 62 91 77 53 94 61 59 84 69 53 -1
