12
 -1 54 57 82 77 77 77 54 75 76 56 84
 54 -1 83 68 98 99 82 94 64 90 81 82
 57 83 -1 68 70 67 85 79 72 89 93 68
 82 68 68 -1 92 90 89 57 79 98 91 55
 77 98 70 92 -1 59 53 88 71 84 70 59
 77 99 67 90 59 -1 50 93 55 68 98 82
 77 82 85 89 53 50 -1 69 63 97 93 79
 54 94 79 57 88 93 69 -1 91 52 74 90
 75 64 72 79 71 55 63 91 -1 58 92 55
 76 90 89 98 84 68 97 52 58 -1 75 87
 56 81 93 91 70 98 93 74 92 75 -1 53
 84 82 68 55 59 82 79 90 55 87 53 -1
